%YAML:1.0
image_width: 640
image_height: 480
camera_matrix:
   data: [650.3330, 0.0, 331.8511, 0.0, 648.2093, 238.5136, 0.0, 0.0, 1.0]
distortion_coefficients:
   data: [0.00215, -0.06148, -0.00144, 0.00551, -0.11276]
